400 2160
0 1 2 3 4 5 6 7 8 9 10 11 12 13 14 15 16 17 18 19 20 21 22 23 24 25 26 27 28 29 30 31 32 33 34 35 36 37 38 39 40 41 42 43 44 45 46 47 48 49 50 51 52 53 54 55 56 57 58 59 60 61 62 63 64 65 66 67 68 69 70 71 72 73 74 75 76 77 78 79 80 81 82 83 84 85 86 87 88 89 90 91 92 93 94 95 96 97 98 99 100 101 102 103 104 105 106 107 108 109 110 111 112 113 114 115 116 117 118 119 120 121 122 123 124 125 126 127 128 129 130 131 132 133 134 135 136 137 138 139 140 141 142 143 144 145 146 147 148 149 150 151 152 153 154 155 156 157 158 159 160 161 162 163 164 165 166 167 168 169 170 171 172 173 174 175 176 177 178 179 180 181 182 183 184 185 186 187 188 189 190 191 192 193 194 195 196 197 198 199 200 201 202 203 204 205 206 207 208 209 210 211 212 213 214 215 216 217 218 219 220 221 222 223 224 225 226 227 228 229 230 231 232 233 234 235 236 237 238 239 240 241 242 243 244 245 246 247 248 249 250 251 252 253 254 255 256 257 258 259 260 261 262 263 264 265 266 267 268 269 270 271 272 273 274 275 276 277 278 279 280 281 282 283 284 285 286 287 288 289 290 291 292 293 294 295 296 297 298 299 300 301 302 303 304 305 306 307 308 309 310 311 312 313 314 315 316 317 318 319 320 321 322 323 324 325 326 327 328 329 330 331 332 333 334 335 336 337 338 339 340 341 342 343 344 345 346 347 348 349 350 351 352 353 354 355 356 357 358 359 360 361 362 363 364 365 366 367 368 369 370 371 372 373 374 375 376 377 378 379 380 381 382 383 384 385 386 387 388 389 390 391 392 393 394 395 396 397 398 399
0  221  2
0  152  2
0  310  4
0  109  2
1  220  2
1  137  7
1  245  7
1  123  1
1  392  9
1  371  2
2  253  15
2  237  1
2  114  18
2  99  7
2  370  3
2  209  9
2  252  1
3  15  10
3  68  17
3  334  16
3  78  3
3  61  19
3  202  11
3  148  18
4  399  15
4  340  17
4  185  20
4  111  17
5  362  19
5  240  16
5  311  13
5  373  10
5  188  6
6  201  6
6  207  18
6  75  4
6  209  2
6  313  15
7  251  20
7  301  14
7  60  17
7  239  5
7  93  10
7  76  12
7  338  9
8  373  19
8  186  17
8  296  14
8  364  9
8  291  14
8  207  18
9  89  5
9  86  13
9  225  6
9  149  6
10  306  8
10  384  14
10  67  8
10  366  8
10  17  17
10  328  14
11  255  17
11  278  3
12  367  2
12  334  11
12  83  19
12  293  14
12  119  17
12  233  2
12  191  11
12  118  3
13  144  7
14  247  4
14  131  17
15  28  16
15  136  4
15  325  13
15  213  1
15  386  17
15  19  5
15  307  9
15  313  17
16  118  10
16  204  8
16  6  4
16  348  17
16  20  16
16  52  17
17  163  2
18  191  3
18  173  17
18  124  18
19  337  12
19  338  13
19  21  5
19  127  17
19  337  2
19  97  8
19  22  4
20  332  2
20  67  2
20  38  8
20  195  14
20  230  12
21  389  9
21  221  4
21  26  9
21  176  5
21  50  2
21  269  5
22  374  2
22  132  9
22  139  1
22  341  14
22  93  3
22  95  17
22  132  6
22  392  2
23  101  13
23  316  16
23  310  14
23  31  9
23  72  6
23  382  19
23  317  13
24  69  18
24  347  10
24  205  3
24  116  3
24  264  2
24  260  1
25  162  19
25  180  2
25  360  7
25  396  9
25  313  6
25  247  18
25  205  19
26  168  16
26  227  6
26  46  8
26  235  20
26  34  12
26  199  19
27  252  20
27  140  5
27  201  19
27  34  3
27  126  1
27  30  3
27  286  16
27  233  10
28  15  11
28  87  3
28  368  9
28  86  11
28  60  1
28  374  15
28  91  15
29  144  1
29  152  13
29  164  20
29  166  6
30  341  12
30  219  6
30  280  18
30  167  20
30  293  4
30  209  17
30  223  8
31  215  11
31  251  13
31  18  8
31  2  4
31  289  8
31  381  13
31  216  6
31  152  15
32  338  4
32  119  19
32  178  15
32  130  2
32  259  17
32  321  13
33  275  17
33  91  16
33  357  9
33  56  9
33  75  17
33  184  20
33  237  15
34  52  2
34  13  5
34  10  19
34  197  2
34  189  13
34  153  7
35  216  7
35  263  16
35  219  2
35  93  10
35  11  15
35  30  8
35  11  8
35  104  12
36  226  14
36  192  9
36  342  1
37  35  17
37  112  8
37  340  4
37  362  5
37  312  15
37  168  9
37  58  1
38  265  19
38  119  15
38  270  5
38  288  17
38  246  2
38  89  4
39  204  5
39  267  18
39  110  2
40  123  15
40  95  7
40  137  8
41  376  5
41  312  3
41  273  8
41  61  13
41  153  13
41  47  3
41  174  3
42  86  17
42  369  16
42  336  10
42  236  3
42  291  20
43  294  11
43  361  11
43  269  15
43  58  8
43  38  17
43  184  17
43  26  18
43  374  15
44  302  12
44  216  14
45  369  5
45  249  18
45  377  10
45  58  9
45  228  2
46  315  5
46  362  1
46  287  6
46  58  14
46  52  12
46  284  9
47  338  12
47  104  19
47  270  14
48  44  20
48  115  14
48  350  9
49  238  12
49  149  12
49  379  5
49  106  9
49  163  12
49  346  1
49  398  13
49  99  1
50  12  16
50  116  6
50  320  18
50  80  11
51  148  15
51  358  14
51  279  18
51  238  17
51  169  20
51  118  12
52  125  6
53  133  10
53  272  15
53  24  4
53  201  11
54  310  3
54  35  17
55  180  13
55  216  1
55  304  2
55  12  3
55  6  7
56  367  11
56  30  16
56  102  14
56  373  18
56  93  13
56  320  6
56  6  10
56  250  5
57  370  14
57  252  9
57  322  12
57  47  18
57  207  20
57  49  14
57  150  6
57  206  7
58  182  19
58  248  5
58  75  16
58  388  6
58  384  3
58  379  19
59  335  1
59  266  14
59  219  18
59  345  4
59  374  13
60  259  5
60  52  6
60  62  11
61  300  20
61  345  6
61  64  19
61  173  17
61  257  19
61  62  4
61  398  10
61  201  4
62  328  20
62  50  14
63  244  3
63  58  12
63  57  8
63  76  19
63  286  13
63  393  13
63  170  12
63  214  18
64  204  20
64  141  8
64  76  4
64  300  18
64  151  2
64  380  8
64  70  6
64  268  15
65  200  3
65  169  13
65  205  18
65  9  16
66  16  11
66  247  5
66  305  6
66  130  10
67  103  10
67  37  11
67  300  3
67  373  11
67  178  17
67  328  1
68  226  9
69  41  9
69  243  4
69  296  13
69  20  4
69  327  6
69  127  20
70  290  10
70  208  19
70  220  15
70  208  1
70  25  3
70  376  17
71  220  13
71  21  4
71  148  9
71  359  19
71  231  16
71  140  13
72  348  12
72  41  9
72  134  7
72  300  5
72  201  3
72  86  13
73  1  2
73  197  20
73  243  11
73  49  14
73  125  11
73  206  16
74  137  15
74  158  10
75  83  4
75  331  20
75  55  17
75  26  16
75  72  2
75  151  5
75  375  11
75  290  17
76  129  3
76  217  20
76  120  17
76  161  2
76  53  2
76  190  10
77  355  11
77  177  6
77  303  15
77  165  20
77  185  14
77  37  19
78  49  6
78  70  14
78  377  3
78  212  8
78  208  14
78  0  12
78  399  12
78  151  16
79  185  19
79  315  13
79  21  12
79  241  13
79  197  17
79  41  12
80  123  19
80  256  4
80  326  9
80  324  20
80  333  19
80  244  18
81  186  9
81  39  11
82  49  18
82  387  13
82  251  19
82  225  7
83  381  12
83  19  10
83  305  3
83  47  14
83  292  9
83  339  6
84  152  9
84  387  12
84  41  16
84  230  3
84  275  11
85  78  19
85  162  7
85  382  13
85  192  13
86  88  19
86  4  2
86  397  14
86  167  8
86  282  4
86  214  4
86  19  15
86  167  5
87  221  9
87  373  2
87  225  5
87  184  5
87  134  11
87  254  3
87  106  17
88  172  10
88  241  15
88  260  1
88  165  20
88  76  1
88  191  13
89  191  9
89  362  19
89  175  16
89  295  18
89  62  1
89  19  6
89  171  16
89  209  20
90  287  12
90  265  12
90  310  15
90  278  14
90  238  3
91  2  16
91  177  3
91  39  19
91  153  4
91  384  7
91  105  19
91  181  20
92  292  3
92  362  6
92  242  7
92  323  19
92  191  20
92  238  17
92  292  20
92  28  2
93  187  10
93  49  18
93  287  7
93  338  13
93  68  17
93  352  14
93  149  2
94  98  16
94  258  8
94  235  3
94  95  5
94  13  9
94  50  2
95  185  11
95  268  10
95  286  14
95  9  6
95  211  11
95  98  8
95  370  2
96  12  14
96  89  18
96  244  6
96  141  6
96  364  20
97  99  2
97  201  8
97  126  8
98  266  8
98  237  11
98  130  5
98  286  20
98  233  19
98  359  20
98  360  20
99  134  3
99  47  6
99  39  18
99  110  8
99  399  14
99  285  20
100  336  7
100  334  10
100  288  15
100  174  17
100  245  8
100  277  18
100  54  7
100  218  18
101  213  4
101  372  6
101  314  4
101  242  14
101  306  13
102  30  16
102  319  10
102  152  12
103  52  8
103  107  11
103  98  14
103  217  4
103  238  17
103  313  9
103  24  13
104  297  8
104  54  1
104  227  8
105  33  11
105  235  7
105  272  17
106  397  6
106  346  8
106  0  9
106  242  4
106  312  4
107  52  9
107  217  10
108  125  16
108  315  18
108  12  2
108  209  13
109  192  10
109  183  5
110  208  7
110  376  9
110  249  20
110  328  7
110  347  20
110  1  15
111  117  5
111  123  1
111  390  4
111  382  15
111  304  4
111  217  7
112  287  10
112  234  2
112  178  13
112  21  15
112  158  13
112  384  5
112  260  2
113  148  20
113  304  19
113  249  19
113  98  1
113  36  18
113  93  5
114  264  17
114  108  20
114  131  15
114  252  5
114  386  14
114  128  5
114  259  6
115  270  5
115  178  7
115  182  11
115  205  4
115  297  20
115  98  13
115  54  4
116  196  12
116  36  7
116  342  14
116  242  5
117  116  16
117  346  10
117  179  19
117  284  1
117  349  2
117  27  12
117  276  3
117  280  8
118  0  13
118  140  1
118  180  2
118  371  19
118  147  4
118  291  8
119  7  1
119  237  18
119  370  17
119  232  2
119  351  9
120  335  6
120  232  16
120  232  2
120  274  19
120  251  18
120  167  15
121  56  6
121  216  2
121  198  1
121  65  10
121  370  10
121  68  13
122  64  2
122  189  16
122  167  17
122  316  20
122  172  4
122  94  16
122  395  13
122  328  6
123  357  13
123  268  11
123  291  12
123  350  18
123  133  17
123  232  19
124  48  5
124  177  6
124  116  15
125  126  8
125  67  4
125  392  10
125  82  8
125  318  15
125  64  20
126  106  18
126  69  13
126  225  20
126  12  2
126  54  6
126  245  9
126  30  18
127  374  15
127  38  10
127  247  4
127  85  11
127  18  11
127  27  6
128  20  18
128  47  14
128  270  4
128  272  2
129  332  15
129  270  12
129  9  7
130  12  3
130  109  15
130  364  17
130  70  17
130  93  13
130  155  19
131  313  8
131  225  7
131  93  17
131  310  4
131  130  20
131  128  20
131  294  7
131  385  4
132  113  2
132  397  17
132  1  17
132  382  19
132  318  1
132  345  4
133  179  20
133  167  15
133  354  4
133  315  12
133  287  3
134  332  20
134  90  6
134  154  8
134  394  9
134  247  7
134  133  13
135  122  14
135  334  5
135  12  6
135  349  12
135  258  12
136  396  6
136  80  10
136  264  16
136  112  7
136  286  13
136  127  17
136  364  18
137  227  9
137  83  6
137  202  15
137  299  7
137  399  5
138  320  15
138  6  4
138  248  5
138  105  13
138  340  17
138  155  18
138  231  5
138  109  12
139  5  4
139  292  18
139  169  18
140  105  10
140  349  2
140  127  9
140  318  17
140  159  9
140  57  12
141  320  2
141  241  8
141  61  2
141  127  8
141  109  3
141  221  18
141  92  9
142  393  4
142  42  12
142  125  1
142  330  5
142  202  5
142  72  17
142  267  9
142  178  20
143  267  12
143  274  3
143  264  20
143  89  20
143  6  13
143  118  11
144  36  12
144  68  20
145  293  2
145  283  18
145  279  5
145  7  17
145  25  11
145  165  17
146  128  18
146  383  13
146  364  20
146  96  17
147  354  8
147  100  14
147  132  8
147  193  8
148  338  11
148  378  15
148  368  9
148  183  8
148  183  5
148  289  9
149  177  5
149  225  8
149  287  8
149  161  5
149  367  12
149  254  16
149  204  2
149  282  10
150  51  9
150  40  5
150  342  2
150  91  14
150  389  3
150  393  18
150  301  4
151  154  11
151  198  16
151  125  19
151  203  6
151  268  12
152  62  17
152  249  17
152  188  15
152  161  20
152  25  1
152  79  20
153  343  14
153  385  3
153  33  8
153  133  17
153  259  7
153  53  5
154  41  1
154  387  6
154  279  2
154  276  20
154  296  11
155  67  16
155  258  5
155  325  10
155  229  17
155  383  7
155  348  14
155  198  20
155  365  9
156  392  10
156  113  14
156  117  13
156  110  14
156  277  19
157  203  14
157  387  8
157  272  19
157  244  6
157  138  8
157  235  2
157  380  12
157  214  6
158  20  14
158  274  20
158  61  5
158  213  8
158  27  9
158  39  12
158  122  6
158  35  5
159  124  13
159  167  14
159  192  13
159  69  10
159  105  3
159  288  14
159  184  4
159  91  15
160  172  14
160  81  1
160  60  14
160  307  1
160  75  3
161  156  18
161  276  13
161  104  17
161  169  17
161  150  20
161  349  6
162  229  7
163  283  12
163  206  2
163  111  8
163  85  3
164  16  14
164  273  14
164  208  20
164  14  20
164  385  6
164  126  7
164  140  7
165  367  19
165  194  14
165  139  13
165  224  2
165  239  7
165  366  19
166  188  11
166  55  18
166  221  7
166  376  12
166  285  9
166  322  12
166  215  19
167  383  15
167  377  20
167  139  16
167  230  1
167  149  17
167  186  20
168  127  2
168  140  20
168  110  5
168  28  17
168  35  2
170  292  12
170  167  19
170  74  1
171  4  5
171  186  1
171  330  19
171  211  13
172  107  6
173  143  5
173  84  5
173  122  3
173  29  7
173  136  10
173  330  10
174  265  1
174  30  1
174  176  16
174  99  5
174  313  8
175  269  1
175  217  5
175  252  11
175  127  4
175  307  12
175  249  14
176  26  16
176  214  20
176  306  12
176  182  14
176  206  18
176  91  2
177  77  10
177  232  3
177  365  13
177  376  13
177  369  9
177  350  16
177  149  2
177  282  19
178  194  7
178  344  11
178  375  6
178  45  6
178  358  2
179  222  19
179  164  2
179  236  15
179  270  2
179  183  14
179  88  13
179  244  7
180  172  11
180  72  10
180  336  9
180  25  13
180  1  8
181  134  18
181  114  19
181  366  16
181  172  6
181  132  16
181  0  7
181  38  10
182  355  11
182  22  5
182  246  20
182  34  7
182  120  14
183  63  13
183  265  6
183  212  1
183  51  11
183  367  5
183  230  5
184  367  12
184  291  16
184  64  11
184  42  17
184  308  10
184  158  3
184  352  9
184  330  7
185  376  16
185  356  1
185  47  11
185  122  8
185  164  17
185  37  1
185  172  19
186  185  18
186  178  1
186  306  9
187  292  7
187  237  17
187  181  5
187  324  17
187  113  18
188  42  15
188  114  6
188  65  5
188  67  15
188  284  15
188  294  15
188  17  17
189  362  15
189  238  9
189  229  4
189  259  1
189  230  9
189  59  15
190  53  17
190  352  20
190  261  17
190  313  16
190  356  13
190  284  10
190  55  11
190  297  5
191  128  1
191  266  18
191  70  3
191  88  9
191  257  14
191  76  1
192  322  13
192  129  3
192  169  2
193  246  5
193  18  18
194  124  3
194  79  17
194  63  2
194  372  2
194  13  10
194  105  16
195  302  14
195  389  1
195  173  7
195  187  19
195  182  14
195  40  10
195  111  10
195  218  9
196  162  8
196  39  6
197  300  12
197  394  5
197  283  16
197  106  10
197  188  18
198  351  16
198  114  20
198  203  16
198  22  19
198  45  2
199  304  15
199  32  1
199  82  13
199  73  2
199  109  7
199  378  5
200  366  12
200  265  2
200  89  13
200  240  18
200  3  10
201  200  8
201  124  14
201  180  2
201  3  19
201  303  7
202  89  5
202  236  9
202  320  4
203  134  6
203  92  8
203  167  12
203  360  11
203  227  16
203  259  18
203  156  13
203  39  2
204  349  16
204  97  14
204  358  11
204  347  9
204  295  15
204  369  9
204  248  17
205  8  11
205  93  5
206  243  18
206  248  18
206  336  14
206  294  17
206  378  19
206  307  16
207  301  15
207  102  9
207  31  20
207  342  16
208  259  8
208  66  14
208  237  16
208  262  18
208  222  20
208  296  8
209  385  7
209  335  3
209  90  17
209  378  6
210  121  4
210  208  7
210  246  1
210  190  2
210  188  9
210  376  8
211  102  3
211  125  20
211  96  5
211  245  1
211  137  10
211  262  14
212  11  2
212  365  19
212  242  17
212  54  4
212  68  2
213  84  8
213  232  5
213  265  13
213  322  9
213  1  9
213  139  20
214  19  6
214  279  1
214  379  18
214  318  18
214  336  6
214  267  10
215  216  2
215  291  1
215  54  4
215  242  14
215  109  17
215  162  12
216  247  13
216  34  16
216  227  19
216  268  13
216  117  2
217  102  1
217  388  9
217  16  13
217  16  2
217  136  12
217  359  11
217  51  12
218  92  16
218  345  15
219  99  1
219  338  9
219  252  9
219  236  16
219  111  3
219  305  1
219  148  13
219  281  13
220  269  1
220  110  3
220  254  5
221  156  5
221  129  3
221  103  1
221  284  4
221  133  11
221  61  6
222  273  18
222  288  18
223  6  20
223  293  8
223  296  15
223  152  11
223  316  19
224  228  14
224  149  9
224  370  12
224  347  8
225  79  17
225  365  4
225  182  14
225  85  7
225  173  15
225  200  18
226  147  12
226  326  1
226  277  20
226  293  8
226  388  18
227  319  1
227  311  17
227  61  14
227  75  4
227  163  7
228  232  8
228  355  19
228  21  20
228  186  5
228  196  2
228  116  19
228  55  17
228  171  16
229  147  18
229  394  20
230  178  9
230  316  1
230  379  16
230  357  12
230  6  14
230  53  1
231  290  10
231  63  9
232  146  5
232  286  20
232  248  18
233  113  12
233  126  15
233  191  1
233  360  17
233  119  12
233  1  1
233  275  16
233  185  4
235  272  11
235  256  16
235  319  20
235  64  14
235  236  4
235  344  7
236  155  11
236  222  10
236  140  19
236  120  17
237  373  9
237  356  19
237  256  13
237  294  3
237  191  9
237  169  18
237  104  12
238  89  10
238  158  20
238  275  11
238  100  11
239  320  9
239  113  3
239  308  15
239  395  20
240  365  10
240  75  20
240  38  14
240  196  19
240  80  3
240  312  9
240  11  10
240  345  7
241  294  1
242  144  5
242  278  6
242  275  11
243  160  17
243  185  17
243  257  13
243  353  19
243  136  3
243  152  3
243  291  10
244  225  18
245  319  16
245  395  13
245  159  4
245  198  20
245  133  20
245  109  20
246  238  14
246  212  1
246  350  2
246  348  17
246  230  10
246  243  17
246  311  8
247  229  17
247  281  11
247  288  11
247  28  14
247  311  18
247  244  2
248  11  9
248  44  2
248  351  2
248  130  6
248  81  1
248  296  2
248  123  3
249  222  4
249  265  10
249  53  11
249  161  13
249  20  10
249  46  11
249  171  10
250  278  15
250  190  6
250  119  17
251  380  5
251  73  6
251  244  4
251  242  4
251  71  20
252  276  12
252  132  6
252  391  15
252  69  2
252  219  9
253  176  16
253  353  5
253  250  20
253  281  13
253  179  4
254  3  13
254  118  20
254  33  18
254  0  11
255  95  7
255  33  6
255  15  1
255  390  14
256  59  16
256  265  8
256  270  11
256  233  13
256  179  7
256  321  13
257  281  13
257  182  1
257  271  9
257  353  13
258  225  1
258  314  5
258  141  4
258  314  7
258  198  18
258  216  7
258  271  14
258  256  16
259  272  16
259  112  17
259  395  5
259  234  20
259  235  12
259  105  13
259  244  11
260  321  19
260  352  17
260  182  9
261  117  3
261  333  2
261  7  19
261  127  15
261  192  14
262  1  11
262  233  2
262  276  17
262  5  20
262  89  19
262  109  17
263  100  1
263  138  6
263  154  8
263  95  2
263  207  9
264  126  5
264  138  16
264  299  17
264  373  2
264  278  19
264  237  9
265  369  4
265  299  6
265  313  15
265  42  6
265  358  6
265  319  20
266  259  20
266  362  6
266  259  16
267  1  20
267  302  5
267  283  4
267  14  17
267  157  12
267  232  6
268  79  12
268  204  14
268  361  7
268  5  16
268  302  2
268  264  2
268  316  1
269  158  20
269  78  9
269  3  8
269  368  4
269  194  15
270  383  5
270  110  3
270  237  6
270  383  17
270  346  18
270  188  4
271  268  15
271  330  10
271  339  2
271  270  18
272  133  9
272  77  19
272  141  14
272  77  19
272  145  19
272  114  19
272  163  14
272  151  11
273  258  4
273  378  7
273  98  10
273  184  14
273  77  19
274  325  3
274  140  4
274  243  4
274  122  5
274  361  1
274  89  9
274  375  12
275  269  1
275  30  1
275  367  20
275  207  3
275  137  19
275  374  16
275  22  15
276  332  14
276  123  7
276  69  7
276  85  4
276  390  10
276  34  9
276  250  20
277  110  3
277  259  17
277  313  4
277  175  7
277  351  3
277  371  13
277  280  20
277  250  10
278  18  6
278  56  15
278  74  17
278  27  11
278  219  3
278  78  2
278  294  2
279  148  11
279  346  15
279  148  2
279  181  14
280  323  4
280  72  8
280  194  16
280  304  2
280  154  1
281  186  15
281  243  2
281  347  20
281  207  18
282  283  12
282  124  9
282  242  4
282  286  7
283  77  4
283  6  19
283  251  5
283  26  6
283  153  3
283  48  20
283  81  15
283  376  13
284  358  4
284  127  8
284  189  1
284  382  18
284  333  18
285  372  10
285  386  3
285  76  9
285  322  1
285  343  9
285  100  17
285  231  8
285  233  2
286  296  4
286  354  14
286  200  14
286  8  3
286  352  17
286  308  12
287  59  11
287  270  7
287  76  3
287  396  8
287  188  9
287  155  2
287  395  20
288  274  20
288  181  16
288  58  2
288  334  2
288  399  18
288  303  3
289  192  11
289  374  18
289  351  3
290  118  1
290  263  9
290  75  3
290  162  4
290  286  11
290  125  8
290  32  17
290  154  16
291  64  17
291  221  4
291  263  2
291  289  20
291  48  2
291  277  3
292  40  3
292  337  4
292  137  18
293  247  8
293  273  20
293  119  8
293  203  9
293  104  13
293  283  9
293  17  3
294  177  16
294  180  1
294  318  4
294  361  20
294  376  12
294  77  16
294  82  16
294  384  18
295  180  16
295  218  9
295  0  13
295  243  18
296  272  18
296  42  3
296  123  15
296  259  1
296  151  3
296  259  15
297  394  13
297  308  11
297  123  2
297  351  10
297  22  3
297  356  4
298  224  6
298  1  11
299  240  3
299  248  13
299  261  19
299  223  8
300  138  13
300  309  4
300  282  20
300  246  10
300  152  14
300  197  13
300  246  12
300  383  7
301  126  7
301  17  20
301  11  11
302  209  8
302  299  4
302  370  16
302  206  13
302  342  12
302  392  11
302  244  1
302  247  5
303  399  20
303  52  19
303  88  11
303  280  12
303  164  1
303  231  9
303  125  8
303  208  12
304  353  4
304  39  14
304  222  17
304  230  12
304  118  16
304  25  9
305  325  5
305  211  2
305  195  7
306  99  5
306  246  6
306  169  20
306  350  11
307  380  14
307  262  4
307  308  18
307  136  16
308  343  20
308  9  15
308  277  16
308  227  4
308  6  16
309  237  4
309  85  12
309  289  14
309  233  15
309  38  13
309  159  11
309  147  4
309  202  18
310  146  8
310  392  20
310  76  19
311  181  4
311  269  20
312  320  15
312  161  5
312  285  16
312  196  11
312  188  3
313  334  19
313  145  15
313  337  14
313  347  15
313  210  13
313  38  18
314  128  17
314  331  20
315  203  19
315  256  1
315  318  2
315  366  4
315  310  10
315  367  6
315  309  10
316  119  16
316  387  1
316  229  1
316  22  5
316  147  11
316  163  6
317  300  18
317  381  12
318  279  6
318  174  12
318  38  9
318  66  4
318  260  16
319  288  10
319  69  15
319  394  14
319  180  3
319  352  2
319  159  9
320  251  9
320  280  10
320  393  9
321  127  6
321  304  12
321  374  14
321  155  19
321  17  3
321  107  5
322  229  20
322  384  3
322  47  6
322  329  19
322  321  12
322  134  5
322  342  9
322  105  13
323  217  4
323  259  12
323  273  4
324  214  12
324  241  1
324  46  8
324  75  17
325  55  12
326  33  15
326  261  4
326  172  13
326  283  10
326  116  1
326  206  16
326  280  12
326  178  12
327  41  11
327  307  18
327  98  15
327  370  14
327  319  20
327  370  20
328  345  2
328  359  13
328  203  16
328  216  11
328  153  12
328  316  19
328  208  2
328  97  6
329  67  7
329  367  4
329  62  7
329  107  1
329  302  5
329  339  8
329  159  10
330  312  1
330  374  20
330  347  17
330  70  13
330  147  11
330  24  7
330  246  3
331  61  18
331  259  9
332  370  10
332  270  18
332  256  12
333  237  9
333  217  5
333  336  13
333  243  5
333  167  20
333  354  2
334  153  18
334  374  16
335  47  18
335  124  3
335  146  18
335  78  20
335  346  20
336  173  11
336  207  3
336  170  11
336  247  11
337  397  20
337  132  15
337  31  17
337  38  9
337  373  2
337  395  17
338  247  5
338  51  18
338  312  9
338  304  20
338  72  15
339  9  2
340  22  8
340  43  16
340  42  8
340  50  9
340  131  19
340  60  14
341  35  3
341  186  4
341  156  7
341  352  18
341  133  5
341  86  19
341  259  20
342  385  8
342  2  11
342  62  8
342  165  12
343  385  4
343  112  20
343  86  15
343  24  10
343  131  11
343  75  10
343  186  15
344  326  11
344  131  4
344  386  11
344  366  14
344  372  2
344  322  7
344  202  1
344  254  5
345  336  15
345  216  9
345  314  20
345  145  11
345  369  5
345  288  5
345  375  12
346  354  13
346  4  17
346  395  7
346  344  14
346  278  7
347  99  18
347  34  20
347  298  19
348  335  13
348  111  8
348  140  2
348  327  11
348  15  20
348  243  18
348  144  10
349  320  5
349  180  7
350  109  4
350  390  12
350  85  20
351  397  11
351  261  10
351  133  10
351  184  19
351  213  4
351  280  17
352  287  18
352  118  3
352  306  15
352  210  8
352  311  6
352  24  1
353  121  9
353  92  4
353  183  17
353  326  7
353  27  17
353  246  14
353  358  8
353  381  7
354  178  7
354  316  6
354  208  18
354  238  7
355  308  4
355  216  17
355  210  2
355  89  5
355  343  10
355  98  11
355  92  4
355  166  11
356  395  20
356  102  6
356  191  3
356  50  3
356  209  10
357  149  16
357  392  14
357  304  17
357  173  5
357  358  20
357  339  4
357  337  6
358  321  10
358  352  8
358  322  7
358  316  20
358  6  10
359  130  7
359  384  2
359  247  20
359  92  6
359  298  15
359  357  3
360  201  12
360  10  20
360  347  10
360  358  17
361  149  3
361  242  6
361  273  13
361  122  17
361  16  20
361  279  2
361  397  6
362  71  16
362  41  11
362  119  19
362  72  3
362  281  1
363  35  10
363  199  12
363  341  16
364  227  13
364  282  6
364  180  19
364  18  13
364  25  13
364  193  2
364  393  14
364  70  2
365  108  11
365  80  15
365  241  10
365  342  9
366  154  2
366  230  19
366  245  7
366  66  6
366  131  16
367  276  7
367  324  17
368  328  18
368  315  13
368  132  11
368  226  4
368  113  5
368  327  10
368  289  5
369  197  12
369  351  17
369  16  20
369  162  15
369  320  17
369  266  1
369  387  20
369  320  14
370  393  1
370  53  4
370  335  20
370  78  8
370  216  8
370  268  15
371  143  4
371  60  13
371  209  15
371  212  17
371  66  10
371  117  18
372  93  19
372  121  16
372  64  3
373  289  5
373  348  5
374  278  2
374  387  8
374  233  1
374  180  7
374  92  8
374  201  1
375  199  17
375  390  3
375  141  16
375  313  10
375  282  14
376  80  19
376  370  2
376  64  16
376  240  6
376  210  6
376  215  3
377  359  7
377  31  15
377  266  13
377  356  1
377  366  19
377  40  5
377  19  2
377  216  15
378  224  7
378  135  3
378  156  17
378  366  1
378  44  10
378  12  16
378  95  16
379  261  2
379  161  1
379  141  17
379  60  3
379  36  2
379  325  18
379  280  9
380  140  10
380  378  6
380  323  4
380  301  14
380  330  7
380  245  19
380  125  15
380  392  14
381  253  11
381  231  7
381  38  11
382  65  17
382  213  5
382  281  4
382  311  5
382  265  5
383  271  9
383  239  7
383  97  6
383  237  10
383  373  20
383  159  9
384  49  17
384  89  1
384  280  1
384  325  4
384  3  4
384  78  11
384  399  4
385  260  12
385  46  11
385  144  11
385  300  11
385  275  17
385  140  5
385  63  4
385  122  13
386  262  18
386  30  7
386  174  18
386  250  9
386  313  8
387  234  7
387  328  20
387  300  15
387  112  5
387  262  18
387  187  15
387  136  18
387  77  13
388  161  10
388  10  17
388  119  14
388  232  19
388  186  8
388  255  20
388  238  13
389  135  17
389  189  13
389  219  8
389  322  13
389  236  17
389  175  12
390  115  8
390  321  20
390  44  4
390  311  1
390  266  10
390  329  13
390  96  16
390  334  17
391  159  5
391  126  19
392  141  7
392  356  7
392  132  15
392  378  4
393  143  16
393  292  5
393  350  1
393  222  4
393  389  18
393  343  4
394  310  14
394  279  8
394  379  3
394  219  18
394  229  1
394  56  14
395  330  10
395  389  17
395  280  11
395  164  15
395  399  14
395  91  15
395  218  20
396  69  12
396  11  7
396  151  17
396  60  11
396  210  2
397  263  16
397  362  9
397  322  1
397  72  1
397  335  2
397  136  20
397  396  3
397  5  12
398  132  16
399  131  4
399  260  7
399  332  15
399  306  16
399  125  19
399  120  8
